pedestrian:
  orientation:
    w: 0.8891080650242886
    x: 0.0
    y: 0.0
    z: 0.45769733308024124
  position:
    x: 1.2998927110783054
    y: -0.06377196674393953
    z: 0.0
